4294967278,249
4294967279,389
4294967278,276
4294967279,387
4294967279,385
4294967278,532
4294967279,157
4294967278,152
4294967279,384
4294967279,269
4294967279,266
4294967279,382
4294967278,170
4294967279,259
4294967278,247
4294967278,187
4294967278,136
4294967279,135
4294967278,239
4294967278,166
4294967278,142
4294967278,188
4294967278,227
4294967278,200
4294967278,223
4294967278,573
4294967279,262
4294967279,258
4294967278,160
4294967278,355
4294967278,154
4294967278,356
4294967278,346
4294967279,374
4294967278,215
4294967279,373
4294967278,575
4294967278,574
4294967279,133
4294967278,359
4294967279,357
4294967278,244
4294967278,177
4294967278,572
4294967278,362
4294967279,430
4294967279,372
4294967279,388
4294967279,369
4294967278,135
358,5
358,4
358,9
358,6
358,11
358,10
358,8
4294967278,349
4294967278,350
4294967278,570
4294967278,569
4294967278,357
4294967279,428
4294967278,568
325,4
4294967278,202
326,7
326,6
326,4
326,5
4294967278,148
4294967279,414
4294967278,147
4294967279,324
4294967294,1393
4294967278,347
125,2
4294967278,348
4294967279,390
4294967278,232
4294967279,366
4294967278,567
4294967278,566
4294967294,1555
4294967278,565
343,2
4294967278,345
144,7
144,6
144,4
144,5
4294967278,550
4294967279,263
183,2
125,8
125,7
125,6
125,5
125,4
4294967294,479
4294967294,475
4294967278,564
4294967279,347
343,20
343,19
343,18
343,17
343,16
343,15
343,14
343,13
343,12
343,11
343,10
343,9
343,8
343,7
343,6
343,4
343,5
346,4
4294967294,1472
4294967294,1508
324,2
4294967279,367
4294967294,1560
4294967278,343
4294967279,364
4294967278,563
4294967279,317
4294967278,562
324,7
324,6
324,5
324,4
4294967294,1480
4294967294,510
4294967278,158
4294967279,363
184,10
184,0
154,7
154,8
4294967279,275
154,4
153,7
153,8
153,4
146,7
146,8
146,6
146,4
4294967279,362
429,14
429,0
4294967279,370
4,10
4,9
4294967279,361
4294967278,559
4294967279,360
4294967278,541
4294967279,359
60,2
4294967279,380
4294967278,335
4294967279,356
4294967278,337
4294967279,355
196,2
4294967278,558
4294967278,557
4294967279,378
4294967279,377
4294967279,358
4294967278,231
4294967279,354
4294967279,2
4294967278,124
4294967278,110
4294967278,101
4294967278,323
60,4
4294967294,417
4294967294,497
173,4
4294967294,1379
4,19
4,17
4,20
4,18
4294967278,554
4294967279,371
4294967278,553
4294967279,375
4294967279,352
4294967278,79
4294967278,76
4294967278,70
4294967278,68
4294967278,65
4294967278,61
4294967278,60
4294967278,59
4294967278,57
4294967278,52
4294967278,50
4294967278,49
4294967278,47
4294967278,40
4294967278,38
4294967278,37
4294967278,35
4294967278,32
4294967278,29
4294967278,27
4294967278,26
4294967278,24
4294967278,21
4294967278,17
4294967279,423
4294967278,551
4294967279,287
293,2
4294967278,213
4294967279,422
4294967279,277
4294967279,19
4294967279,381
4294967279,17
4294967279,16
4294967279,14
4294967279,400
4294967278,546
4294967278,344
4294967278,320
4294967279,407
4294967278,262
4294967279,413
4294967279,427
4294967279,393
4294967278,545
4294967279,383
4294967278,342
226,5
4294967279,403
4294967278,543
4294967278,556
4294967279,0
4294967279,404
4294967279,350
4294967278,534
4294967279,342
4294967278,530
4294967279,421
4294967279,406
4294967278,117
4294967294,1369
4294967278,529
4294967278,528
4294967278,547
4294967279,379
4294967279,339
140,2
4294967279,336
4294967279,281
4294967279,338
4294967279,337
4294967279,335
4294967279,334
139,2
327,7
327,5
4294967294,1571
4294967294,1475
4294967294,1473
4294967279,331
138,65
138,0
138,64
138,38
138,37
138,36
138,35
138,34
138,33
138,32
138,31
138,30
138,29
138,28
138,27
138,26
138,25
138,24
138,23
138,22
138,21
138,20
138,19
138,18
138,17
138,16
138,15
138,14
138,13
138,12
138,11
138,10
138,9
138,8
138,1
138,7
143,23
143,0
143,22
143,21
143,20
143,19
143,18
143,17
143,16
143,15
143,14
143,13
143,12
143,11
143,10
143,9
143,8
143,1
143,7
143,2
143,6
143,4
143,5
4294967278,555
4294967279,330
268,12
268,0
268,11
268,10
268,9
226,1
226,7
226,0
4294967279,328
4294967294,1386
4294967278,539
190,2
293,7
293,8
293,6
293,5
293,4
268,8
357,11
357,0
357,10
357,9
357,8
4294967279,270
142,11
142,0
4294967279,264
142,10
142,9
142,8
142,6
4294967279,325
140,9
140,8
140,7
140,5
140,4
140,6
261,2
139,9
139,8
139,7
139,5
139,4
139,6
500,7
500,0
500,6
148,7
148,8
148,4
499,7
499,0
499,6
175,8
175,0
175,1
175,7
175,2
264,2
4294967278,544
4294967294,5
195,2
4294967278,527
189,2
190,4
188,2
4294967278,332
187,2
4294967278,526
197,2
4294967279,345
268,6
268,1
268,7
268,5
268,2
268,4
4294967294,504
298,7
264,4
264,5
4294967294,1541
129,18
129,0
129,1
129,17
175,6
429,13
429,12
4294967279,327
175,5
4294967294,1512
4294967294,1544
4294967278,324
4294967294,1390
189,4
194,4
4294967294,1385
4294967294,1359
342,7
342,6
342,5
342,2
342,4
183,4
187,4
128,2
126,6
4294967294,1501
188,5
188,4
195,4
4294967294,1502
196,4
197,4
4294967294,1504
4,16
176,8
176,0
176,1
176,7
176,2
176,6
176,4
176,5
4294967294,1399
4294967294,1511
342,12
342,0
342,11
4294967278,0
129,2
4294967279,284
133,7
133,6
133,5
128,8
4294967278,254
4,15
0,5
4,14
4294967278,253
184,9
184,1
184,8
184,2
4294967278,252
4294967278,250
4294967278,248
4294967278,246
4294967278,242
4294967278,240
4294967278,238
4294967294,1376
4294967279,323
131,2
4294967294,1556
4294967278,235
4294967278,233
4,2
184,7
184,6
184,5
184,4
129,8
129,15
129,14
129,13
129,12
129,11
129,10
129,7
129,5
129,4
129,6
448,7
448,0
448,6
132,2
130,7
130,8
174,18
174,0
174,17
174,16
174,15
174,14
174,13
174,12
174,11
174,10
174,9
174,8
174,6
174,1
174,7
174,2
174,4
174,5
4294967278,525
2,8
4294967294,1381
4,5
4,6
4,4
131,8
4,12
4,13
4,11
4,8
4,7
4294967279,322
333,6
333,5
333,2
333,4
132,8
132,6
132,5
225,6
2,5
4294967294,95
3,9
3,34
3,18
3,10
3,15
3,12
3,17
3,16
3,23
3,2
46,0
229,4
250,4
4294967294,1543
4294967294,22
261,4
4294967294,17
4294967294,99
4294967294,76
4294967294,41
286,14
286,13
286,12
286,11
286,10
286,9
286,8
286,7
286,6
286,5
286,4
4294967294,67
4294967294,1104
283,4
4294967294,1403
4294967294,511
321,4
304,4
4294967294,1105
4294967294,1093
4294967294,1090
4294967294,1088
4294967294,1015
4294967294,1013
4294967294,1004
4294967294,1001
4294967294,401
4294967294,185
4294967294,163
4294967294,162
46,5
4294967294,1102
513,4
513,3
513,2
513,1
4294967294,1550
4294967294,1626
512,4
512,3
512,2
512,1
4294967294,1020
4294967294,1513
511,6
4294967279,396
511,5
511,4
511,3
511,2
511,1
4294967294,1577
4294967294,1565
4294967294,1625
510,4
510,3
510,2
510,1
509,7
509,6
509,5
509,4
509,3
509,2
509,1
4294967279,316
4294967294,1624
508,5
508,4
508,3
508,2
508,1
4294967294,1011
4294967294,1515
4294967294,405
4294967294,1517
507,4
507,3
507,2
507,1
4294967294,1507
506,4
506,3
506,2
506,1
505,4
505,3
505,2
505,1
4294967278,255
4294967294,1623
504,6
504,5
504,4
504,3
504,2
504,1
4294967278,251
4294967294,1563
4294967294,1599
503,7
503,6
503,5
503,4
503,3
503,2
503,1
4294967294,1505
4294967279,344
502,13
4294967278,520
4294967278,2
4294967278,88
4294967279,299
4294967279,315
502,12
4294967278,221
4294967279,306
4294967278,334
502,11
502,10
4294967294,1012
4294967278,336
4294967278,515
4294967294,167
4294967294,503
4294967294,169
4294967294,450
4294967294,463
4294967278,309
4294967279,298
502,9
502,8
502,7
502,6
502,5
502,4
502,3
502,2
502,1
4294967278,514
4294967278,513
501,7
4294967278,338
501,6
4294967294,1622
4294967279,195
501,5
501,4
501,3
501,2
501,1
500,5
500,4
500,3
500,2
500,1
4294967294,1621
499,5
499,4
499,3
499,2
499,1
4294967278,174
4294967279,332
498,14
4294967294,1557
4294967294,1387
4294967278,137
498,13
4294967294,1152
4294967294,1361
4294967294,406
4294967294,398
4294967294,1016
4294967294,420
4294967294,1499
4294967294,1523
4294967294,410
4294967278,524
498,12
4294967294,1395
4294967278,542
4294967279,402
498,11
4294967279,394
498,10
498,9
498,8
498,7
498,6
498,5
498,4
498,3
498,2
498,1
4294967294,1401
4294967294,389
497,5
497,4
497,3
497,2
497,1
4294967278,319
4294967278,519
4294967279,305
496,5
496,4
496,3
496,2
496,1
495,4
495,3
495,2
495,1
4294967278,241
4294967278,318
494,6
494,5
494,4
494,3
494,2
494,1
4294967279,302
493,5
493,4
493,3
493,2
493,1
4294967279,301
4294967279,297
492,6
492,5
492,4
492,3
492,2
492,1
4294967279,329
4294967278,552
491,6
491,5
491,4
491,3
491,2
491,1
4294967279,294
490,6
4294967294,1620
490,5
490,4
490,3
490,2
490,1
4294967279,293
4294967279,341
4294967278,560
4294967278,301
489,6
489,5
489,4
489,3
489,2
489,1
4294967278,219
488,6
4294967279,254
488,5
488,4
488,3
488,2
488,1
4294967279,292
4294967279,289
487,6
4294967294,1619
487,5
487,4
487,3
487,2
487,1
4294967279,343
4294967278,330
486,6
486,5
486,4
486,3
486,2
486,1
4294967294,1014
4294967294,1091
485,6
485,5
485,4
485,3
485,2
485,1
4294967278,211
4294967279,405
4294967278,537
484,6
484,5
484,4
484,3
484,2
484,1
4294967294,392
4294967294,1595
483,6
483,5
483,4
483,3
483,2
483,1
4294967294,1618
482,6
482,5
482,4
482,3
482,2
482,1
4294967278,198
481,6
4294967278,339
481,5
481,4
481,3
481,2
481,1
480,7
4294967279,285
480,6
480,5
480,4
480,3
480,2
480,1
4294967278,283
4294967278,536
479,7
4294967279,401
4294967279,283
479,6
4294967278,172
479,5
479,4
4294967279,172
479,3
479,2
479,1
4294967279,282
4294967278,531
478,7
4294967279,278
478,6
4294967294,1617
478,5
478,4
478,3
478,2
478,1
4294967279,161
4294967278,304
4294967278,521
4294967279,276
477,6
4294967294,1396
4294967294,1388
477,5
4294967278,151
477,4
4294967279,151
477,3
477,2
477,1
4294967294,38
4294967294,37
4294967294,36
4294967294,40
4294967294,39
4294967279,150
4294967278,149
4294967279,149
476,4
476,3
476,2
